conv1:	25.38864326 27.6407299  33.22627258 25.32239723 18.77847099

conv2:	14.93917561 21.66735077 16.32006645 14.45306683 18.33369446 22.65475845	19.64276314 18.21421623 18.83749199 13.590065

conv3:	12.30208111 14.70913029         nan 12.80529499 12.8159771  10.15624809	11.63639832 11.26393318 14.23004246 13.27042866 13.53445053 15.14829826	9.577075   12.1295433  14.41739655 12.19640636 16.04330826		14.53227234	11.11182117 10.28130341

conv4:	8.62572098  8.77536392  6.09843063  6.50660372  7.2936182   8.75864601	10.23976803  7.1647644          nan         nan